      8614   80695219
        667    4211925
         96    1242482
         32     128171
         99     748134
         35     101324
         39     231223
        620    3086939
        103    1594571
         26     121202
        106     594822
         42      90825
         29     127633
        180    2247705
         57     303451
          4      21682
          3       6993
       1713   46385541
       1663   38828819
        214    2514234
          9      53312
          7     134480
         15      79026
         25      86490
          2      31057
         11     244017
          0          0
        369    2078680
        216    1214800
       1150    8815648
         78     550819
         13      52405
         72    1092992
         37     311680
         14      41934
         78    1059517
         36     286991
          7      16904
          1       1044
          8      58022
          1       7466
          6       8972
         17     521384
          1        100
          2        149
          1         65
          0          0
          1        523
          1        333
          0          0
         11      17480
        230     447119
        290    1665392
        262    2042885
        113     378422
        213    3441399
        313    2834854
         25      33070
          1        514
          0          0
        419     903255
         71     467043
        673    3970338
         37     103400
       2537   14375807
          0          0
          0          0
        163     799039
       3056   29797143
        420     962002
         66     516172
        672    4272225
         30      92073
       2562   13954812
          0          0
        160     755484
          0          0
          2        808
          1        260
          1        518
       1228    4960004
        237     186643
       1209    4503200
        255     217610
          6       2676
          6       3596
          3       1944
          6       3732
         10      14302
          0          0
          0          0
          0          0
        406    1036310
          0          0
          1       6829
        131     451210
        159     634276
        194     508967
         99     651174
         85     211072
         89     205534
         77     272419
         88     126893
         46     150865
         31      28429
        106     345107
        109     230917
         10      75417
         23     182260
         45     339048
        157    1247728
         14      46552
         23     196818
         14      34168
         86     951684
         29     153152
       3946   34689975
         79     988291
         34     140920
       1541   13349053
        217    4500878
         26     590976
         38     406392
         37      70320
       6232   47367873
         42     925887
         29      76291
        870    4804031
        227   67661015
       7902  473344817
        487   52641762
         26    3394975
         17     197721
        110   18673255
        331   31578122
       1392   20515847
        476   45866601
        717    1253837
       1184    2259954
       1141    1986642
        459     358413
         18       5521
         14      47466
        261     310794
         37      32256
          8       5086
        688    1343807
         12      35539
         14      13060
        314     705196
         28      24541
         10       1084
        252   14795966
         23    2674635
         26     677117
        160    2767396
        544   25677655
         57    4450843
         42   21016530
          2      24647
         71    9988696
        488   35876772
         10      76474
         35     166059
         57    6390161
          0          0
          3      14028
        311   28041656
         39    1662367
        580   35346409
        113   17161239
          9     144585
        101    5833376
        312   29513314
         41    1590258
        638   36090360
        117   16438388
          4      60136
         99    5263997
        149     312120
         26      51042
          3       2857
        158     539463
         18      21588
          3       1893
       1803   33946130
        413   12224615
        193    1774532
        267    7507504
        147    1382505
         83    1550407
         24     232750
       8552 1131497418
        795   93772988
         25    3502562
         14      27086
        155   13022703
        116   12111166
        164    5080652
        767   71203135
         85    2571970
         14       4364
        125    2515591
         19      11865
        309    8855413
        807   10917104
        267    4289847
        220    1883731
        816   10005551
        245    3911225
        233    1733022
        159   13057574
       6561  313181528
        362   12886606
          4        820
          5      25289
         19     868879
         59    4301140
        278    4436825
        423   14440105
         12     100739
          3      98836
         90    1071009
          4       3619
      15855 1177414346
        701   35093886
         25     738584
         13     140630
        792   66059520
        353    3833686
       1181   58563032
         34    1094481
          5     126842
         15    1063257
          1      20581
        213    6650609
          8     300685
         54     354722
         23    1499362
         87    1362497
         81    2446427
         13    4084994
       1488   19826799
        206    2432796
        153     555101
       1753   20984862
        280    3309591
        165     670601
        190    1476090
        108     726660
         12      32899
          5       1584
        105     805541
       1533   17903386
        656    4178589
          4       2796
        171    1916739
         23      46157
        649    3010074
         38     241053
          1         16
        361    3350875
        192    1415500
          9     108646
          3       3982
        183    1342069
       1753   14184499
        288    2119528
          4       2647
        182    1654089
         21      51976
        271    1868782
         26     213066
          2       4676
        296   29271691
        737   13009264
       1496   45489664
        146    3228540
        151    2396103
        922   41603618
       1252   28327805
        106    2691401
        100    1876957
        155   11705993
       7057  400754457
        385   13926047
         54    3339759
        278    4208700
        450   16000294
          5     115050
          4     110626
         97    2077838
          1      29330
          3       6728
          5       3342
      15214 1128374022
        684   35077911
         29     438929
         11      74706
        711   56110735
        393    4800564
       1149   59294293
         27     658332
          8     240181
         11     274617
         16     453337
          1      22398
        229    6657142
         18    1216271
         62     931329
         31    3932825
       1112    9183895
       1304   10858777
         14     187481
          7      11589
         26      67833
         10      57269
        267    4686569
        274    5261517
         44    1708499
         99    4144195
         46    2040086
         89    4744711
         44    2531371
         69    4727527
         38    2188768
         53    3821812
         32    2173512
         42    3746160
         11    1254824
         23    2745658
          6     323428
         11     468350
          2     149758
          6     230254
         71    1249645
        105    3198088
        128    1905184
         17     120574
        149    3981114
          6      89052
         18     124545
          2       2320
         68     449951
          9      32213
        107    1175620
      13154  198716978
         12     139413
          1       1194
         62     468542
         10      77519
        125    1322936
        229    4067275
       2706   42636299
         42     428698
        617    4620746
        412   24768316
        449    4942178
          2      25393
        348    9819388
         38     898276
          1        309
        573    9524001
          1       4074
        368   10580764
         36     850158
          4       2980
       2721   20570395
        182    1198368
        169     116889
       2733   19540249
        186    1057104
        152     107907
        367    7048807
       7412  344574459
        335    8716988
        373   27344823
        254    2558673
        493   16134136
        112     115771
          0          0
        114      72075
          0          0
         93     250957
         93     364903
       7288  318025668
        310    7699660
        351   19852548
        195    1863543
        456   14042585
        511    2073991
         16      35293
        478    1984549
          7       4688
        976   24096557
         88    3111680
          9      48986
        954   24509225
        113    3664834
          2       6543
       1076   57641227
        105    6589417
          1      14185
       1111   61240084
        102    6601031
          1        126
        189    1093406
       1489    7507465
         63     226455
         65     234510
       1484    8414343
         59     215507
         72     288823
      10428   10313214
        601    1274747
        207     186188
        189      91307
        125      86455
       3679    1931822
        511     207694
       1226    1014816
        282      93875
        281      88292
        393     410001
        399     452233
        474    1550168
        494    1466420
       1517    9228216
         31     800041
        258     119799
        150      28433
        145      37464
        128     140442
        136      46196
        141      52356
       4396    1274974
       1239     349149
        137      27713
        131      24419
        456     441237
        708    5216813
        134     713434
       2769    2355850
       1762     710956
        512     116030
        145     733019
        151     729605
       1661    8425709
       1581    7985017
         95     288193
         93     351786
       1069    3798525
        935    2763535
        926    2574248
         38      60589
